# id	file_path	transparent_color_r	g	b
[TEXTURES]
0	textures\Picture.png	116	116	116
20	textures\entrance.png	255	0	255
10	textures\enemies.png	3	26	110
30	textures\tilemap.png	255	255	255
40	textures\Whip.png	116	116	116
50	textures\Item.png	116	116	116

# id	left	top	right	bottom	texture_id
[SPRITES]
# SIMON 
# idle right
10001	1573	21	1589	53	0
# walk
10002	1556	21	1572	53	0		
10003	1539	21	1555	53	0
# attack right
10004	1593	78	1617	110	0
10005	1576	78	1592	110	0
10006	1551	78	1575	110	0
# sit right
10007	1518	21	1534	47	0

# idle left
10011	29	21	45	53	0
#walk
10012	46	21	62	53	0
10013	63	21	79	53	0
# attack lef
10014	1	78	25	110	0
10015	26	78	42	110	0
10016	43	78	67	110	0
# sit left
10017	84	21	100	47	0

# die 
10099	215	120	231	135	0

#BRICK 1
20001	223	96	240	111	20

#GOOMBA
30001	5	14	21	29	10
30002	25	14	41	29	10
#die
30003	45	21	61	29	10

#SCENE 1
80001	0	0	32	32	30
80002	32	0	64	32	30
80003	64	0	96	32	30
80004	96	0	128	32	30
80005	128	0	160	32	30
80006	160	0	192	32	30
80007	192	0	224	32	30
80008	224	0	256	32	30
80009	256	0	288	32	30
80010	288	0	320	32	30
80011	320	0	352	32	30
80012	352	0	384	32	30
80013	384	0	416	32	30
80014	416	0	448	32	30
80015	448	0	480	32	30
80016	480	0	512	32	30
80017	512	0	544	32	30
80018	544	0	576	32	30
80019	576	0	608	32	30
80020	608	0	640	32	30
80021	640	0	672	32	30
80022	672	0	704	32	30
80023	704	0	736	32	30
80024	736	0	768	32	30
80025	768	0	800	32	30
80026	800	0	832	32	30
80027	832	0	864	32	30
80028	864	0	896	32	30
80029	896	0	928	32	30
80030	928	0	960	32	30
80031	960	0	992	32	30
80032	992	0	1024	32	30
80033	1024	0	1056	32	30
80034	1056	0	1088	32	30
80035	1088	0	1120	32	30
80036	1120	0	1152	32	30

#WHIP LEVEL 1
# right
70001	607	15	662	46	40
70002	529	15	592	46	40
70003	402	15	459	46	40
#left				
70011	32	15	87	46	40
70012	101	15	165	46	40
70013	228	15	298	46	40

#WHIP LEVEL 2
#right
70004	1585	192	1618	225	40
70005	1552	192	1585	225	40
70006	1507	192	1552	225	40
#left			
70014	1	192	33	225	40
70015	34	192	66	225	40
70016	67	192	111	225	40

#WHIP LEVEL 3
#right
70007	1585	306	1618	339	40
70008	1552	306	1585	339	40
70009	1491	306	1552	339	40
#left			
70017	1	306	33	339	40
70018	34	306	66	339	40
70019	67	306	128	339	40
	
#TORCH
50001	175	1	191	33	50
50002	192	1	208	33	50
50003	727	477	735	493	0
50004	213	50	236	92	50

# WHIP UPGRADE
60001	1	1	17	17	50
				
# ani_id	sprite1_id	time1	sprite2_id	time2	...
[ANIMATIONS]

# ==== MARIO =========
#idle BIG right
400	10001	100
#idle BIG left
401	10011	100
#walk right big
402	10001	100	10002	100	10003	100
#walk left big
403	10011	100	10012	100	10013	100
#attack right big
404	10004	100	10005	100	10006	100
#attack left big
405	10014	100	10015	100	10016	100
# sit right
406	10007	100
#sit left
407	10017	100
#die
599	10099	100

# ==== BRICK =========
600	20001	100

# ==== GOOMBA  =========
# walk
7001	30001	100	30002	100
# die
7002	30003	100

# ==== SCENE 1 ========
801	80001	1000
802	80002	1000
803	80003	1000
804	80004	1000
805	80005	1000
806	80006	1000
807	80007	1000
808	80008	1000
809	80009	1000
810	80010	1000
811	80011	1000
812	80012	1000
813	80013	1000
814	80014	1000
815	80015	1000
816	80016	1000
817	80017	1000
818	80018	1000
819	80019	1000
820	80020	1000
821	80021	1000
822	80022	1000
823	80023	1000
824	80024	1000
825	80025	1000
826	80026	1000
827	80027	1000
828	80028	1000
829	80029	1000
830	80030	1000
831	80031	1000
832	80032	1000
833	80033	1000
834	80034	1000
835	80035	1000
836	80036	1000

#==== WHIP 1 ========
#right
701	70001	100	70002	100	70003	100
#left
702	70011	100	70012	100	70013	100

#==== WHIP 2 ========
#right
703	70004	100	70005	100	70006	100
#left
704	70014	100	70015	100	70016	100

#==== WHIP 3 ========
#right
705	70007	100	70008	100	70009	100
#left
706	70017	100	70018	100	70019	100

#==== TORCH ========
501	50001	100	50002	100
502	50003	100
503	50004	100

# ==== WHIP UPGRADE =======
601	60001	100


# id	ani1	ani2	ani3
#
[ANIMATION_SETS]
# MARIO
1	400	401	402	403	404	405	406	407	599
# BRICK 
2	600
# GOOMBA
3	7001	7002
# SCENE 1
81	801
82	802
83	803
84	804
85	805
86	806
87	807
88	808
89	809
90	810
91	811
92	812
93	813
94	814
95	815
96	816
97	817
98	818
99	819
100	820
101	821
102	822
103	823
104	824
105	825
106	826
107	827
108	828
109	829
110	830
111	831
112	832
113	833
114	834
115	835
116	836

#WHIP
7	701	702	703	704	705	706

#TORCH
5	501	502	503

#WHIP UPGRADE
6	601


[OBJECTS]
# type	x	y	ani_set_id	extra_settings per object type
# type: 0 = Mario , 1 = Brick, 2 = Goomba,
#	100 = BackGrounds, 4 = Whip, 5 = Torch , 6 = Item


# --- SCENE 1 ---------
100	0	0	81
100	32	0	82
100	64	0	82
100	96	0	82
100	128	0	82
100	160	0	82
100	192	0	83
100	224	0	83
100	256	0	81
100	288	0	82
100	320	0	82
100	352	0	82
100	384	0	82
100	416	0	82
100	448	0	83
100	480	0	83
100	512	0	83
100	544	0	83
100	576	0	83
100	608	0	83
100	640	0	84
100	672	0	85
100	704	0	85
100	736	0	86
100	0	32	89
100	32	32	88
100	64	32	89
100	96	32	89
100	128	32	89
100	160	32	89
100	192	32	87
100	224	32	87
100	256	32	89
100	288	32	88
100	320	32	89
100	352	32	89
100	384	32	89
100	416	32	89
100	448	32	87
100	480	32	87
100	512	32	87
100	544	32	87
100	576	32	87
100	608	32	87
100	640	32	90
100	672	32	91
100	704	32	92
100	736	32	93
100	0	64	95
100	32	64	94
100	64	64	95
100	96	64	95
100	128	64	95
100	160	64	95
100	192	64	95
100	224	64	95
100	256	64	95
100	288	64	94
100	320	64	95
100	352	64	95
100	384	64	95
100	416	64	95
100	448	64	95
100	480	64	95
100	512	64	95
100	544	64	95
100	576	64	94
100	608	64	94
100	640	64	96
100	672	64	97
100	704	64	98
100	736	64	99
100	0	96	100
100	32	96	101
100	64	96	102
100	96	96	100
100	128	96	100
100	160	96	102
100	192	96	100
100	224	96	102
100	256	96	100
100	288	96	101
100	320	96	102
100	352	96	100
100	384	96	100
100	416	96	102
100	448	96	100
100	480	96	102
100	512	96	102
100	544	96	102
100	576	96	101
100	608	96	103
100	640	96	104
100	672	96	105
100	704	96	106
100	736	96	107
100	0	128	108
100	32	128	109
100	64	128	110
100	96	128	108
100	128	128	108
100	160	128	110
100	192	128	108
100	224	128	110
100	256	128	108
100	288	128	109
100	320	128	110
100	352	128	108
100	384	128	108
100	416	128	110
100	448	128	108
100	480	128	110
100	512	128	110
100	544	128	111
100	576	128	109
100	608	128	112
100	640	128	113
100	672	128	114
100	704	128	115
100	736	128	116

# TORCH
5	90	113	5
5	210	113	5
5	340	113	5
5	470	113	5
5	600	113	5

# WHIP UPGRADE
#6	150	100	6


# MARIO
0	50.0	0	1


# WHIP
4	100	0	7

# GOOMBA
#2	200	135	3
#2	260	135	3
#2	320	135	3
#2	480	135	3
#2	500	135	3

# BRICK 
# --- platform (hint: I created the list using Excel!) ----
1	0	143	2
1	16	143	2
1	32	143	2
1	48	143	2
1	64	143	2
1	80	143	2
1	96	143	2
1	112	143	2
1	128	143	2
1	144	143	2
1	160	143	2
1	176	143	2
1	192	143	2
1	208	143	2
1	224	143	2
1	240	143	2
1	256	143	2
1	272	143	2
1	288	143	2
1	304	143	2
1	320	143	2
1	336	143	2
1	352	143	2
1	368	143	2
1	384	143	2
1	400	143	2
1	416	143	2
1	432	143	2
1	448	143	2
1	464	143	2
1	480	143	2
1	496	143	2
1	512	143	2
1	528	143	2
1	544	143	2
1	560	143	2
1	576	143	2
1	592	143	2
1	608	143	2
1	624	143	2
1	640	143	2
1	656	143	2
1	672	143	2
1	688	143	2
1	704	143	2
1	720	143	2
1	736	143	2


# --- SCENE PORTAL ----
type	l	t	ani_set_id	r	b	scene_id
50	680	98	0	720	150	1











